# Created by Octave 4.2.1, Mon Feb 26 12:09:03 2018 GMT <unknown@unknown>
# name: M
# type: matrix
# rows: 1
# columns: 6
 2.385943500000004e-015 2.083061000000004e-015 2.358900000000004e-015 3.351809000000006e-015 2.394464000000004e-015 5.34146600000001e-015


# name: ans
# type: matrix
# rows: 6
# columns: 1
 1.453134214154524e-010
 1.45899337643354e-010
 1.679809196432816e-010
 1.007181048876052e-010
 8.413236633656872e-011
 1.026060548604378e-010


# name: d2
# type: matrix
# rows: 10
# columns: 1
 1.005952886078795e-010
 1.402468151272271e-010
 1.433182018338754e-010
 6.344119662916315e-011
 6.357284069545707e-011
 6.331531183409643e-011
 9.99043520335414e-011
 1.415136191165468e-010
 8.198999619823576e-011
 1.414596534956534e-010


# name: d4
# type: matrix
# rows: 6
# columns: 1
 1.453134214154524e-010
 1.45899337643354e-010
 1.679809196432816e-010
 1.007181048876052e-010
 8.413236633656872e-011
 1.026060548604378e-010


# name: m
# type: matrix
# rows: 10
# columns: 1
 0.002444022127500002
 0.002451930962000002
 0.003412551257000003
 0.002414827596000002
 0.003483689538000003
 0.002128725290000002
 0.004228709571000004
 0.005474397399000005
 0.005442966956000005
 0.005473967658000005


# name: r2
# type: matrix
# rows: 10
# columns: 1
 0.003432252112000003
 0.002461660448000002
 0.002408896843000002
 0.005443731955000005
 0.005432449731000004
 0.005454564533000005
 0.003455997616000003
 0.002439620331000002
 0.004211463917000004
 0.002440551184000002


# name: r4
# type: matrix
# rows: 6
# columns: 1
 0.004739536855000005
 0.004720500312000004
 0.004099895804000004
 0.006838678141000006
 0.008187444173000007
 0.006712805256000006


