# Created by Octave 4.2.1, Thu Mar 01 10:56:39 2018 GMT <unknown@unknown>
# name: d2
# type: matrix
# rows: 7
# columns: 1
 9.945436149525676e-011
 1.268548787309743e-010
 9.861033249566157e-011
 5.724845223946158e-011
 6.01066145939518e-011
 9.861323238988428e-011
 5.473254807245043e-011


# name: r2
# type: matrix
# rows: 7
# columns: 1
 0.003471640000000002
 0.002721588000000002
 0.003501365000000002
 0.006033183000000004
 0.005746017000000003
 0.003501262000000002
 0.006310822000000004


