# Created by Octave 4.2.1, Thu Mar 01 13:56:01 2018 GMT <unknown@unknown>
# name: d2
# type: matrix
# rows: 12
# columns: 1
 1.089773159703126e-010
 8.436370000322866e-011
 8.241568713777334e-011
 9.641200658437861e-011
 1.06174804544569e-010
 1.088752806487297e-010
 1.087285756140128e-010
 1.104314641152032e-010
 1.054567013509644e-010
 9.66981161897841e-011
 7.027537491034094e-011
 8.364934448547575e-011


# name: d4
# type: matrix
# rows: 5
# columns: 1
 1.101876056755329e-010
 1.077748033837988e-010
 9.670098710262237e-011
 1.060627542475837e-010
 1.050452843042648e-010


# name: r2
# type: matrix
# rows: 12
# columns: 1
 0.003168180000000002
 0.004092910000000002
 0.004189700000000003
 0.003581230000000002
 0.003251830000000002
 0.003171150000000002
 0.003175430000000002
 0.003126450000000002
 0.003273980000000002
 0.003570630000000002
 0.004913950000000003
 0.004127880000000002


# name: r4
# type: matrix
# rows: 5
# columns: 1
 0.006250790000000003
 0.006390770000000004
 0.007122870000000005
 0.006493960000000003
 0.006556880000000005


