# Created by Octave 4.2.1, Thu Mar 01 13:56:59 2018 GMT <unknown@unknown>
# name: d2
# type: matrix
# rows: 8
# columns: 1
 1.146774889377628e-010
 1.020846736868256e-010
 9.562830918283479e-011
 9.478541292776923e-011
 8.225967740429447e-011
 5.691647415957674e-011
 7.144307043773925e-011
 5.930510158135175e-011


# name: d4
# type: matrix
# rows: 4
# columns: 1
 1.176439471492648e-010
 1.04052815910208e-010
 7.321798918736625e-011
 8.321055260943313e-011


# name: r2
# type: matrix
# rows: 8
# columns: 1
 0.003010660000000002
 0.003382160000000002
 0.003610590000000002
 0.003642710000000002
 0.004197650000000002
 0.006068410000000003
 0.004833580000000003
 0.005823750000000003


# name: r4
# type: matrix
# rows: 4
# columns: 1
 0.005854510000000004
 0.006619440000000003
 0.009408650000000006
 0.008278190000000005


