# Created by Octave 4.2.1, Thu Mar 01 13:59:35 2018 GMT <unknown@unknown>
# name: d2
# type: matrix
# rows: 23
# columns: 1
 1.732011328028411e-010
 1.455293814821081e-010
 1.580486879636526e-010
 1.150967606808631e-010
 1.076276867238956e-010
 1.128875347718391e-010
 1.050439020927989e-010
 1.549276661656869e-010
 1.057204388099566e-010
 8.275089167160451e-011
 8.432560307532087e-011
 8.695003755568308e-011
 5.828066640388933e-011
 6.006157471757334e-011
 6.569715503477581e-011
 1.558908470300435e-010
 1.455747840002906e-010
 8.442493311289967e-011
 1.042817424343498e-010
 1.069275825393313e-010
 6.48791517655979e-011
 5.97600662203607e-011
 1.032859744876174e-010


# name: d4
# type: matrix
# rows: 19
# columns: 1
 1.769001313685373e-010
 1.660628309563038e-010
 1.594586329552437e-010
 1.114726070596136e-010
 1.04501279178553e-010
 1.061181826048116e-010
 1.593404452283382e-010
 1.092855409585648e-010
 1.683039010812275e-010
 1.465094965171895e-010
 1.462606885402573e-010
 1.040531301973328e-010
 1.055647306229407e-010
 1.499859735297243e-010
 1.602823785675891e-010
 1.069235033326075e-010
 1.526195121153628e-010
 1.521033097961259e-010
 9.17329808052936e-011


# name: r2
# type: matrix
# rows: 23
# columns: 1
 0.001993230000000001
 0.002372290000000002
 0.002184350000000001
 0.002999690000000002
 0.003207920000000001
 0.003058410000000002
 0.003286850000000002
 0.002228360000000002
 0.003265810000000002
 0.004172720000000002
 0.004094760000000003
 0.003971110000000002
 0.005926220000000003
 0.005750330000000004
 0.005256650000000002
 0.002214590000000001
 0.002371550000000002
 0.004089940000000003
 0.003310880000000002
 0.003228930000000001
 0.005322980000000003
 0.005779370000000004
 0.003342810000000002


# name: r4
# type: matrix
# rows: 19
# columns: 1
 0.003893158000000002
 0.004147257000000002
 0.004319044000000003
 0.006178714000000004
 0.006591024000000004
 0.006490567000000004
 0.004322248000000002
 0.006302400000000003
 0.004092027000000002
 0.004700838000000002
 0.004708836000000003
 0.006619420000000004
 0.006524606000000004
 0.004591862000000003
 0.004296844000000003
 0.006441667000000004
 0.004512615000000003
 0.004527932000000003
 0.007508778000000005


