# Created by Octave 4.2.1, Mon Feb 26 17:36:54 2018 GMT <unknown@unknown>
# name: d2
# type: matrix
# rows: 8
# columns: 1
 9.655506525385995e-011
 7.79599701470585e-011
 7.874131611870256e-011
 5.158759552702015e-011
 8.874752571430076e-011
 6.789101469470805e-011
 8.442190029090061e-011
 8.524316299044682e-011


# name: d4
# type: matrix
# rows: 2
# columns: 1
 1.142038057523679e-010
 9.212561588898786e-011


# name: r2
# type: matrix
# rows: 8
# columns: 1
 0.003575922000000002
 0.004429289000000002
 0.004385313000000003
 0.006696032000000005
 0.003890644000000002
 0.005086656000000003
 0.004090087000000003
 0.004050663000000002


# name: r4
# type: matrix
# rows: 2
# columns: 1
 0.006030910000000003
 0.007476763000000004


