# Created by Octave 4.2.1, Thu Mar 01 14:09:48 2018 GMT <unknown@unknown>
# name: ans
# type: scalar
6140.211


# name: d2
# type: matrix
# rows: 21
# columns: 1
 8.273624618403969e-011
 1.068689185771182e-010
 9.290897389480031e-011
 6.482438225531926e-011
 1.197987626869767e-010
 1.074205030980081e-010
 1.158021194807186e-010
 1.148533096146836e-010
 1.034218751864214e-010
 1.297932833758054e-010
 9.22091831083449e-011
 8.652595836064502e-011
 9.157170936307743e-011
 1.105233511330837e-010
 1.092784179561659e-010
 9.60704222537256e-011
 8.52295349203143e-011
 1.040442761667722e-010
 1.312799261013896e-010
 6.532516031493994e-011
 5.625162457865663e-011


# name: d2_5
# type: matrix
# rows: 11
# columns: 1
 2.046382462404419e-010
 9.886702710645314e-011
 1.004293826485589e-010
 6.917284402567255e-011
 6.924830352183798e-011
 1.096215370456166e-010
 8.937299376801228e-011
 1.007021119152449e-010
 6.699017311496962e-011
 1.408862428436222e-010
 1.264583390186779e-010


# name: r2
# type: matrix
# rows: 21
# columns: 1
 0.004173459000000003
 0.003230703000000002
 0.003716309000000002
 0.005327481000000003
 0.002881926000000002
 0.003214109000000002
 0.002981414000000002
 0.003006050000000002
 0.003338416000000002
 0.002659961000000001
 0.003744524000000002
 0.003990582000000002
 0.003770602000000002
 0.003123850000000002
 0.003159448000000002
 0.003593968000000002
 0.004051311000000003
 0.003318439000000002
 0.002629833000000002
 0.005286608000000003
 0.006140211000000004


# name: r2_5
# type: matrix
# rows: 11
# columns: 1
 0.001686997000000001
 0.003492271000000002
 0.003437924000000002
 0.004992328000000003
 0.004986884000000003
 0.003149556000000002
 0.003863404000000002
 0.003428610000000002
 0.005155110000000003
 0.002450486000000001
 0.002730124000000001


