# Created by Octave 4.2.1, Thu Mar 01 15:20:43 2018 GMT <unknown@unknown>
# name: d2
# type: matrix
# rows: 4
# columns: 1
 2.207642748405663e-010
 1.173726721269194e-010
 8.211011186652058e-011
 1.088802577325614e-010


# name: r2
# type: matrix
# rows: 4
# columns: 1
 0.001563759000000001
 0.002941510000000002
 0.004205300000000003
 0.003171005000000002


