# Created by Octave 4.2.1, Thu Mar 01 15:59:30 2018 GMT <unknown@unknown>
# name: ans
# type: matrix
# rows: 8
# columns: 1
 1.078624124690534e-010
 1.064536682601285e-010
 8.807444666392781e-011
 8.015572863200855e-011
 6.950733902858548e-011
 6.317275453521143e-011
 6.19796738288117e-011
 6.113241329202284e-011


# name: d2
# type: matrix
# rows: 8
# columns: 1
 1.078624124690534e-010
 8.807444666392781e-011
 6.950733902858548e-011
 1.064536682601285e-010
 6.317275453521143e-011
 6.113241329202284e-011
 8.015572863200855e-011
 6.19796738288117e-011


# name: r2
# type: matrix
# rows: 8
# columns: 1
 0.003200937000000002
 0.003920390000000002
 0.004968286000000003
 0.003243309000000002
 0.005466884000000003
 0.005649510000000003
 0.004307889000000002
 0.005572212000000003


