# Created by Octave 4.2.1, Thu Mar 01 15:46:55 2018 GMT <unknown@unknown>
# name: d2
# type: matrix
# rows: 20
# columns: 1
 1.603972584228388e-010
 1.321637477281727e-010
 1.350136841947652e-010
 1.312392623982905e-010
 1.309003170288339e-010
 1.563145737989459e-010
 1.088241974731433e-010
 1.096973392103371e-010
 1.071297758911117e-010
 1.00270714909635e-010
 9.485884588931715e-011
 1.102231653830335e-010
 9.927444176100953e-011
 9.674223598357299e-011
 1.09055225038789e-010
 1.033040471524202e-010
 1.03181370140893e-010
 7.914966314960245e-011
 8.344063720633797e-011
 7.81768903168312e-011


# name: d4
# type: matrix
# rows: 5
# columns: 1
 1.812409465687052e-010
 1.575411374347805e-010
 1.097401896685118e-010
 1.080235433082374e-010
 1.283712132551937e-010


# name: r2
# type: matrix
# rows: 20
# columns: 1
 0.002152362000000001
 0.002612243000000002
 0.002557092000000002
 0.002630648000000001
 0.002637461000000002
 0.002208586000000001
 0.003172639000000002
 0.003147379000000002
 0.003222834000000002
 0.003443366000000002
 0.003639889000000002
 0.003132360000000002
 0.003477934000000002
 0.003569001000000002
 0.003165916000000002
 0.003342225000000002
 0.003346200000000002
 0.004362676000000003
 0.004138210000000002
 0.004416992000000002


# name: r4
# type: matrix
# rows: 5
# columns: 1
 0.003799905000000002
 0.004371620000000002
 0.006276282000000004
 0.006376050000000004
 0.005365175000000003


